94
46
46
62
62
53
35
11
78
35
93
69
56
71
65
72
55
72
6
25
33
60
14
37
51
95
7
92
6
32
4
89
63
82
68
17
58
29
59
76
98
14
29
12
23
93
40
6
37
65
20
13
54
48
72
34
32
9
12
68
47
44
5
47
31
5
6
75
3
49
15
27
13
31
27
19
32
3
15
59
55
1
55
41
12
92
35
15
11
35
85
50
17
92
29
55
10
82
81
19
87
66
4
89
51
94
1
23
22
53
3
30
95
54
14
47
89
64
35
40
70
92
65
69
64
66
10
22
3
72
10
50
22
97
72
90
98
66
91
19
91
13
94
58
32
55
55
64
79
83
66
46
47
42
50
96
1
35
26
86
85
79
21
50
43
53
9
99
82
24
50
24
74
17
49
57
98
7
38
9
11
46
44
20
7
64
3
80
47
77
89
63
41
5
34
13
93
44
16
79
46
